# Human gammaherpesvirus 4[organism] AND 1000:5000[SLEN] AND (EBNA2[Title] OR LMP1[Title] OR EBNA3B 2.1[Title] OR EBNA1[Title])  (NIH-7.2.33)
5315.35, 5324.73, 5420.38, 6018.64, 6255.72, 6321.25, 6365.71, 6470.36, 6559.44, 6607.32, 
6621.82, 6626.67, 6631.53, 6636.39, 6641.26, 6695.29, 6700.25, 6710.18, 6715.16, 6720.14, 
6745.18, 6755.25, 6770.41, 6775.47, 6785.63, 6790.72, 6800.93, 6806.04, 6862.80, 6868.01, 
6873.22, 6878.44, 6883.68, 6888.91, 6894.16, 6899.42, 6920.51, 6925.81, 6931.11, 6936.42, 
6941.74, 6947.07, 6957.75, 6963.10, 6968.46, 6973.83, 6979.21, 6989.99, 6995.39, 7006.22, 
7011.64, 7027.98, 7038.91, 7044.38, 7049.87, 7055.36, 7066.38, 7071.90, 7094.07, 7116.38, 
7127.58, 7133.20, 7138.83, 7144.46, 7150.10, 7161.42, 7167.09, 7184.15, 7189.86, 7195.57, 
7218.53, 7235.84, 7247.42, 7253.23, 7264.87, 7288.27, 7317.73, 7365.36, 7377.37, 7383.39, 
7389.41, 7413.62, 7431.88, 7447.17, 7468.67, 7481.02, 7555.95, 7600.36, 7606.75, 7658.23, 
7684.24, 7697.31, 7796.76, 7837.26, 7878.18, 8003.57, 8428.34, 8883.25, 8913.87, 9143.47, 
9157.34, 9365.79, 9414.49
