# aspergillus fumigatus[organism] AND ATCC[Title]  (NIH-7.2.33)
15112.44, 15188.51, 15199.75, 15258.08, 15265.35, 15291.14, 15317.01, 15495.75, 15580.64, 15688.65, 
15689.08, 15715.89, 15757.40, 15762.91, 15774.94, 15912.21, 15993.56, 15993.56, 16078.78, 16164.91, 
16399.19, 16458.82, 16488.80, 16567.07, 16732.63, 16779.15, 16783.04, 16857.27, 16999.72, 17357.42, 
17560.33, 17680.38, 17749.71, 17845.94, 17898.65, 17925.45, 17988.06, 18261.96, 18372.49, 18436.56, 
18503.23, 18919.73, 18985.97, 19260.32, 19472.45, 19509.38, 19579.93, 19643.77, 19708.64, 19723.77, 
20206.14, 20327.31, 20523.36, 20787.19, 20906.13, 20972.65, 21335.58, 21371.19, 21425.69, 21442.34, 
21485.27, 22052.02, 22195.64, 22198.19, 22429.95, 22574.44, 23092.74, 23519.31, 23573.83, 23800.61, 
24334.28, 24432.28, 24733.20, 25321.26, 25644.06, 25683.85, 25919.40, 26468.87, 27102.85, 27542.59, 
27803.93, 28439.75, 28556.61, 28880.16, 28989.06, 29301.56, 29534.59, 29777.47
