# bartonella[organism] AND complete genome[Title] (NIH-7.2.33)
15835.94, 16410.38, 16587.95, 16591.69, 16774.43, 16873.20, 16955.04, 16975.13, 16991.71, 17043.30, 
17054.33, 17148.06, 17184.72, 17348.21, 17363.94, 17482.98, 17633.50, 17648.71, 17847.13, 17943.86, 
17956.19, 18107.96, 18768.45, 18827.59, 18880.34, 18960.83, 18961.16, 18978.37, 19030.41, 19045.88, 
19068.74, 19119.00, 19158.45, 19194.49, 19195.18, 19200.53, 19445.10, 19459.15, 20218.83, 20567.56, 
21030.75, 21893.08, 22016.51, 22211.59, 22347.51, 22366.66, 22556.62, 22736.10, 22751.52, 22948.03, 
22997.09, 23164.21, 23210.27, 23210.65, 23224.15, 23338.28, 23353.52, 23446.00, 24045.20, 24174.21, 
24348.91, 24817.05, 24818.15, 24822.45, 25261.79, 25262.15, 25507.00, 25648.10, 25658.54, 25687.18, 
26265.01, 26506.55, 26842.86, 26843.19, 26843.97, 27377.33, 27437.52, 28054.12, 28313.30, 28418.08, 
28508.02, 28877.84
