# candida albicans[organism] AND whole genome[Title] AND 1000000:4000000[SLEN] NOT chromosome[Title] NOT unplaced[Title] (NIH-7.2.33)
7539.16, 7580.73, 7636.21, 7753.51, 7755.06, 7756.76, 7758.77, 7893.03, 7903.20, 8084.42, 
8138.19, 8396.53, 8474.59, 8510.09, 8518.68, 8563.02, 8617.62, 8715.33, 8723.37, 8743.95, 
8798.91, 8852.13, 9260.16, 9323.43, 9528.68, 9567.67, 10001.24, 10005.22, 10075.69, 10125.94, 
10712.50, 10873.55, 10903.15, 10920.69, 10954.34, 11023.99, 11033.59, 11089.44, 11122.05, 11225.93, 
11443.37, 11545.33, 11584.86, 11602.45, 11712.23, 11728.87, 11832.92, 12015.97, 12192.81, 12222.70, 
12267.31, 12282.17, 12282.53, 12288.61, 12305.74, 12352.19, 12408.52, 12413.82, 12474.62, 12485.92, 
12539.09, 12576.64, 12604.54, 12682.35, 12826.45, 13043.78, 13101.43, 13151.98, 13164.36, 13369.32, 
13455.49, 13487.99, 13524.67, 13868.56, 14027.84, 14141.79, 14188.27, 14785.01, 14865.48, 14988.06, 

