# candida albicans[organism] AND whole genome[Title] AND 1000000:4000000[SLEN] NOT chromosome[Title] NOT unplaced[Title]  (NIH-7.2.33)
35195.64, 35408.53, 35501.19, 36255.75, 36301.01, 37040.62, 37293.71, 38114.72, 38270.69, 40004.95, 
40020.88, 40302.78, 40503.74, 42849.98, 43494.19, 43612.58, 43682.77, 43817.35, 44095.97, 44134.37, 
44357.77, 44488.19, 44903.71, 45773.50, 46181.32, 46339.46, 46409.80, 46848.92, 46915.46, 47331.68, 
48063.88, 48771.25, 48890.81, 49069.23, 49128.69, 49130.12, 49154.45, 49222.97, 49408.76, 49634.08, 
49655.28, 49898.46, 49943.66, 50156.35, 50306.57, 50418.15, 50729.40, 51305.79, 52175.12, 52405.72, 
52607.94, 52657.43, 53477.27, 53821.98, 53951.95, 54098.68, 55474.24, 56111.36, 56567.18, 56753.08, 
59140.02, 59461.93, 59952.23, 60313.31, 60645.87, 61089.68, 62028.07, 62040.48, 62054.08, 62070.18, 
63144.24, 63225.58, 64675.40, 65105.50, 67172.27, 67796.75, 68080.74, 68149.40, 68504.17, 68940.94, 
69722.68, 69786.98, 69951.56
