# Macacine alphaherpesvirus 1 (NIH-7.2.33)
1516570.95, 1523049.90, 1563644.01, 1582869.14, 1595950.70, 1602572.90, 1609250.29, 1638840.46, 1645824.16, 1650513.12, 
1655228.87, 1659971.65, 1724196.74, 1729989.11, 1747602.12, 1771651.70, 1778450.05, 1779815.99, 1798463.65, 1799161.81, 
1803362.19, 1810406.58, 1816081.83, 1828982.18, 1833323.11, 1847942.92, 1858130.03, 1859807.72, 1861301.54, 1862797.76, 
1871825.86, 1874854.71, 1883916.58, 1885425.43, 1890424.23, 1891822.85, 1899795.77, 1904113.02, 1906168.75, 1906487.30, 
1907161.50, 1907971.17, 1908425.37, 1908683.26, 1909678.63, 1909703.22, 1911438.42, 1911721.76, 1911894.27, 1911918.92, 
1912436.66, 1913398.92, 1931100.35, 1932710.94, 1935940.20, 1952249.72, 1955544.66, 1992536.90, 2072737.40, 2082048.89, 
2152143.41, 2163697.87, 2170791.96, 2254202.74, 2283074.30, 2321673.56, 2343686.89, 2413875.43, 2417653.02, 2426513.53, 
2430330.80, 2434160.10, 2507922.53, 2566423.94, 2574800.46, 2606659.64, 2609595.06, 2758714.78, 2771914.37, 2775415.81, 
2853842.88, 2898462.06, 2917620.92
