# SARS-CoV-2[organism] AND 30000:35000[SLEN]  (NIH-7.2.33)
1181.61, 1184.74, 1184.86, 1186.18, 1186.72, 1188.48, 1189.34, 1190.16, 1191.45, 1191.72, 
1192.19, 1193.69, 1194.67, 1195.03, 1195.70, 1196.05, 1196.77, 1197.24, 1197.40, 1198.11, 
1198.63, 1199.14, 1199.22, 1200.34, 1201.33, 1201.81, 1202.09, 1202.17, 1202.25, 1202.49, 
1202.57, 1202.65, 1202.69, 1202.73, 1202.77, 1202.81, 1202.85, 1202.89, 1202.93, 1203.05, 
1203.13, 1203.17, 1203.33, 1203.37, 1203.41, 1203.61, 1203.81, 1203.85, 1203.93, 1204.01, 
1204.05, 1204.09, 1204.13, 1204.29, 1204.41, 1204.53, 1204.65, 1204.73, 1204.81, 1204.85, 
1204.97, 1205.09, 1205.13, 1205.17, 1205.25, 1205.53, 1205.61, 1205.73, 1205.81, 1205.85, 
1205.89, 1205.97, 1206.05, 1206.21, 1206.25, 1206.54, 1206.58, 1206.66, 1206.74, 1206.82, 
1206.86, 1206.94
