# dientamoeba fragilis[organism] (NIH-7.2.33)
15404.98, 15715.89, 15937.24, 16701.76, 17611.58, 17784.58, 18068.57, 18898.44, 20161.14, 20206.14, 
20365.25, 20411.17, 20480.43, 20786.11, 20810.01, 20833.95, 20930.29, 20978.80, 21003.14, 21051.98, 
21101.05, 21125.68, 21175.09, 21425.69, 21527.59, 21617.56, 21630.47, 21708.28, 21786.65, 21812.90, 
21865.58, 22351.49, 22379.12, 22490.32, 22518.29, 22574.44, 22744.60, 22888.37, 23004.71, 23122.23, 
23573.83, 23635.38, 23697.26, 23759.45, 23821.98, 23884.83, 23948.02, 24011.54, 24075.40, 24139.61, 
24204.15, 24236.55, 24269.04, 24334.28, 24598.78, 24733.20, 24903.31, 24937.61, 25006.50, 25075.77, 
25145.42, 25499.58, 25571.62, 25790.18, 25937.97, 26238.70, 26314.98, 26703.10, 26722.81, 26782.11, 
26941.52, 27082.58, 27184.24, 27348.50, 27473.00, 27853.39, 27896.31, 27982.54, 28025.86, 28069.31, 
28288.60, 28377.28, 28421.83, 28646.68, 28829.15, 29201.14, 29777.47
