# mansonella perstans[organism] (NIH-7.2.33)
1508725.36, 1524606.68, 1532673.39, 1549065.61, 1561591.75, 1565812.27, 1567931.10, 1570055.66, 1574322.12, 1578611.83, 
1582924.97, 1587261.75, 1591622.36, 1604849.14, 1609307.06, 1694007.43, 1729404.60, 1755607.70, 1804830.34, 1810470.44, 
1818996.99, 1821857.04, 1827604.23, 1836293.31, 1850960.19, 1856892.76, 1868872.71, 1934392.45, 1937627.22, 1940872.83, 
1970580.07, 1977305.60, 1987480.41, 1997760.48, 2001210.85, 2054434.54, 2065190.74, 2076525.23, 2091518.19, 2102905.77, 
2153719.48, 2186228.45, 2194509.62, 2202853.76, 2211261.60, 2232564.70, 2254282.26, 2331390.50, 2364696.08, 2369531.86, 
2389074.39, 2398967.04, 2403944.15, 2449685.16, 2475857.01, 2497200.60, 2518915.39, 2529915.02, 2563497.96, 2592172.44, 
2597984.48, 2603822.65, 2609687.12, 2615578.06, 2621495.66, 2627440.09, 2633411.55, 2639410.20, 2651489.89, 2657571.28, 
2682178.43, 2719955.59, 2722551.92, 2722951.79, 2723151.77, 2728964.05, 2732785.57, 2785339.13, 2812381.26, 2826100.19, 
2868071.98, 2882340.99, 2898564.30, 2904012.73, 2918642.52, 2940865.69, 2992609.73, 2995027.02
