# aspergillus fumigatus[organism] AND ATCC[Title] (NIH-7.2.33)
1504753.52, 1505182.56, 1523184.81, 1555248.60, 1563578.07, 1574266.59, 1578556.14, 1618240.51, 1638840.46, 1643671.80, 
1657596.87, 1691474.76, 1724196.74, 1762662.64, 1779303.52, 1810406.58, 1820079.29, 1827558.06, 1848259.57, 1855233.26, 
1874854.71, 1887068.74, 1931100.35, 1940804.37, 1945498.83, 1950606.41, 1952963.11, 1953895.80, 1957196.30, 1983386.17, 
1990825.10, 2004602.44, 2008076.62, 2011562.86, 2016876.27, 2017579.78, 2019117.99, 2036690.69, 2043492.43, 2047102.84, 
2054362.07, 2065347.97, 2098071.90, 2102831.59, 2106654.92, 2120480.21, 2137749.46, 2145667.05, 2147655.62, 2153643.51, 
2173846.55, 2221667.23, 2245465.52, 2267436.81, 2283074.30, 2289842.31, 2290945.46, 2302372.98, 2337444.35, 2351594.21, 
2355000.42, 2368329.12, 2413875.43, 2421638.90, 2430117.38, 2454788.58, 2486395.30, 2492384.90, 2506132.01, 2514312.77, 
2522616.84, 2524550.51, 2601802.35, 2626896.59, 2660662.85, 2674345.55, 2684403.41, 2730855.71, 2735414.03, 2739149.43, 
2744497.10, 2750015.48, 2819124.60, 2840832.60, 2841213.56, 2870931.47, 2882239.32, 2948244.81
