# ascaris lumbricoides[organism] AND mitochondrial[Title] (NIH-7.2.33)
5006.66, 5074.01, 5096.87, 5131.54, 5154.92, 5177.03, 5190.39, 5250.60, 5337.28, 5349.90, 
5426.88, 5439.92, 5466.20, 5519.53, 5533.03, 5546.59, 5629.37, 5643.41, 5657.52, 5772.98, 
5780.35, 5832.50, 5893.25, 5908.64, 5939.65, 5971.00, 6050.82, 6067.05, 6200.02, 6251.40, 
6268.72, 6286.13, 6338.96, 6356.76, 6410.79, 6521.64, 6559.44, 6578.51, 6612.15, 6636.39, 
6755.25, 6775.47, 6795.82, 6806.04, 6813.72, 6857.60, 6920.51, 6941.74, 6984.59, 7006.22, 
7071.90, 7094.07, 7161.42, 7184.15, 7207.03, 7230.06, 7276.55, 7300.03, 7347.43, 7371.36, 
7419.70, 7444.11, 7493.40, 7518.30, 7543.36, 7697.31, 7723.58, 7776.66, 7857.67, 7912.62, 
7968.34, 8082.17, 8111.14, 8140.32, 8229.12, 8289.41, 8319.88, 8428.34, 8507.55, 8637.44, 
8771.35, 8839.88, 9312.79, 9351.27, 9429.20, 9629.82, 9754.35, 9969.20
