# streptococcus intermedius[organism] AND ATCC[Title] (NIH-7.2.33)
5014.63, 5096.87, 5143.20, 5305.34, 5312.23, 5338.86, 5392.55, 5498.58, 5504.43, 5546.59, 
5585.63, 5587.67, 5592.21, 5657.52, 5862.72, 5922.65, 5955.28, 5972.72, 5986.79, 5996.71, 
6018.64, 6082.62, 6099.75, 6112.11, 6163.87, 6166.23, 6338.96, 6406.25, 6447.32, 6452.38, 
6465.74, 6502.90, 6516.91, 6707.69, 6754.62, 6791.20, 6969.47, 6996.74, 7071.90, 7161.42, 
7212.78, 7236.56, 7347.43, 7464.39, 7540.64, 7615.75, 7730.17, 7733.89, 7750.03, 7830.48, 
7891.92, 7925.17, 7950.16, 8065.74, 8131.63, 8155.59, 8184.48, 8199.31, 8274.25, 8275.67, 
8319.88, 8381.51, 8399.24, 8416.40, 8459.84, 8602.29, 8670.53, 8704.43, 8771.35, 8846.36, 
9033.96, 9038.48, 9143.41, 9166.62, 9199.22, 9273.03, 9429.20, 9493.17, 9499.90, 9699.80, 
9702.41, 9976.62
